3 target (14.0, 11.5) (14.0, 13.5) (15.3, 12.5)

[[0.05539584 0.0048124  0.02052603]
 [0.09477461 0.04558272 0.00090325]
 [0.00038702 0.10102793 0.09725742]]
[[0.0740042  0.00472166 0.02641806]
 [0.12198211 0.02920752 0.00629201]
 [0.01199949 0.10078893 0.10501792]]
 
 [[0.09307188 0.04309869 0.00443379]
  [0.05508818 0.0041029  0.01696287]
  [0.00233927 0.10323401 0.09357955]]
 [[0.12115541 0.03513616 0.00537325]
  [0.07454414 0.00094593 0.02506399]
  [0.01047669 0.09560901 0.10429148]]
 
[[0.09307188 0.04309869 0.00443379]
  [0.05508818 0.0041029  0.01696287]
  [0.00233927 0.10323401 0.09357955]]
 [[0.12115541 0.03513616 0.00537325]
  [0.07454414 0.00094593 0.02506399]
  [0.01047669 0.09560901 0.10429148]]

[[0.09287346 0.04316431 0.00438549]
  [0.0549738  0.00414967 0.01698561]
  [0.0022823  0.10311787 0.09349136]]
 [[0.12096165 0.03515323 0.00540003]
  [0.07443269 0.00096315 0.02507364]
  [0.01053742 0.09550328 0.10419936]]

[[0.04341332 0.09697567 0.00119419]
  [0.00167966 0.0562628  0.02112812]
  [0.10302792 0.00411508 0.09729498]]
 [[0.02979467 0.12056209 0.00606696]
  [0.00551736 0.07150076 0.02706079]
  [0.10046444 0.01204729 0.10527595]]

[[0.04341698 0.0969779  0.00119848]
  [0.00168431 0.0562674  0.02112198]
  [0.10301429 0.00413291 0.09727771]]
 [[0.02979856 0.12056398 0.00606252]
  [0.00551217 0.07150485 0.02705458]
  [0.1004494  0.01206442 0.10525888]]

[[0.04320316 0.09689781 0.00103919]
  [0.00158736 0.05624175 0.02118169]
  [0.10300469 0.00420059 0.09722459]]
 [[0.02960369 0.12047344 0.00622842]
  [0.00559606 0.07147072 0.0271174 ]
  [0.10042399 0.01212164 0.10520797]]
  
[[0.05364549 0.01908716 0.00310503]
  [0.00150864 0.09400852 0.10099081]
  [0.09285746 0.00235307 0.04314669]]
 [[0.07275433 0.00532597 0.02634888]
  [0.01147406 0.10024137 0.10371589]
  [0.12087275 0.02836128 0.00650628]]

[[0.05362768 0.01911738 0.00306371]
  [0.00150603 0.09400898 0.1010017 ]
  [0.09282094 0.00228911 0.04306458]]
 [[0.07273503 0.00536386 0.02638055]
  [0.01147416 0.1002488  0.10371695]
  [0.12083485 0.02828462 0.0065733 ]]

[[0.0535945  0.01929247 0.00277685]
  [0.00145866 0.09403266 0.10112407]
  [0.09272593 0.0019466  0.04255443]]
 [[0.0726917  0.00561586 0.02657291]
  [0.01150483 0.10033911 0.10375077]
  [0.12072961 0.02782595 0.00694504]]
